# Deploy TDERC20
nile deploy TDERC20 10057515165931654559836545801321088512241713 357609582641 1000000000000000000 0 630921626810232507712044280983612479889477627366728615579512531114753636522 630921626810232507712044280983612479889477627366728615579512531114753636522 --network goerli

# Deploy players registry
nile deploy players_registry 630921626810232507712044280983612479889477627366728615579512531114753636522 --network goerli

# Deploy ex1 -> 11
nile deploy ex01 3577630315638375330658661604578498276719249009379834371356180714834408500215 3190396733997283361543991292783738590036845516218153883108183914533396163770 1 1 --network goerli
nile deploy ex02 3577630315638375330658661604578498276719249009379834371356180714834408500215 3190396733997283361543991292783738590036845516218153883108183914533396163770 1 2 031020 --network goerli
nile deploy ex03 3577630315638375330658661604578498276719249009379834371356180714834408500215 3190396733997283361543991292783738590036845516218153883108183914533396163770 1 3 --network goerli
nile deploy ex04 3577630315638375330658661604578498276719249009379834371356180714834408500215 3190396733997283361543991292783738590036845516218153883108183914533396163770 1 4 --network goerli
nile deploy ex05 3577630315638375330658661604578498276719249009379834371356180714834408500215 3190396733997283361543991292783738590036845516218153883108183914533396163770 1 5 --network goerli
nile deploy ex06 3577630315638375330658661604578498276719249009379834371356180714834408500215 3190396733997283361543991292783738590036845516218153883108183914533396163770 1 6 --network goerli
nile deploy ex07 3577630315638375330658661604578498276719249009379834371356180714834408500215 3190396733997283361543991292783738590036845516218153883108183914533396163770 1 7 --network goerli
nile deploy ex08 3577630315638375330658661604578498276719249009379834371356180714834408500215 3190396733997283361543991292783738590036845516218153883108183914533396163770 1 8 --network goerli
nile deploy ex09 3577630315638375330658661604578498276719249009379834371356180714834408500215 3190396733997283361543991292783738590036845516218153883108183914533396163770 1 9 --network goerli
nile deploy ex10 3577630315638375330658661604578498276719249009379834371356180714834408500215 3190396733997283361543991292783738590036845516218153883108183914533396163770 1 10 --network goerli
nile deploy ex11 3577630315638375330658661604578498276719249009379834371356180714834408500215 3190396733997283361543991292783738590036845516218153883108183914533396163770 1 11 --network goerli

# Deploy ex10b with the address of ex10
nile deploy ex10b 442849497238845167360277061312268118740465510152936048851442930086547612552 --network goerli

# Add exercices addresses to ERC20 in Voyager
# Add exercices addresses to players registry in Voyager

# Set random value stores 
ex04
ex05
ex06
nile invoke <address> set_random_values <args> --network goerli

nile invoke <address> set_random_values <args> --network goerli



nile invoke 0x0037c28654a4b27a19520643e4fef1d7cf1f0ed5e1359dc51830807ffb0a7bc8 set_random_values 100 8003 5046 4552 1465 683 1178 8813 3285 8477 7562 9182 5595 1091 7930 8572 9931 1370 2021 3736 4921 4359 6054 6777 122 8886 6327 3601 5967 6498 8063 6299 1803 3916 6167 7056 6125 4158 631 3104 1649 7215 8433 4444 4906 8256 3958 126 1105 4471 3828 1280 6794 3270 1513 7649 3356 3309 4153 7750 8136 3346 4585 3075 501 3377 7077 2615 8131 69 4464 5283 5319 2313 6254 1939 9484 7907 4817 3339 5026 5567 1115 2029 5418 9037 8074 6215 3154 9159 3327 7672 3258 2039 9777 768 1170 5934 6529 8160 1275 --network goerli
nile invoke 0x03b51051fe054a3a16cacbdc1f8abb15c222d99f8ff7b4cca0313eaae7d70583 set_random_values 100 9680 3502 1249 9711 4841 185 9222 6477 9849 4935 3552 9346 9668 9375 7223 8620 9654 9427 897 5185 3016 7306 6530 9854 3861 8992 9167 6993 9986 2327 8183 1762 1306 6779 8732 2920 8075 8862 287 1147 5577 9929 9250 7796 5380 9556 2088 6483 9422 6333 7178 4634 2654 6972 4553 4375 489 2367 2992 3747 2874 2791 906 4452 4858 155 4160 1327 6462 8720 6159 3506 1037 7361 5500 2205 548 3512 3050 1475 532 3750 9655 7143 148 7806 9750 1314 9764 1051 9410 2215 8653 3582 8078 1167 8309 7600 8476 5976 --network goerli
nile invoke 0x0504bb1ab12a068071c2502d6e9f3e186a42a9267a9a09898feca7874b61123f set_random_values 100 5096 5996 6373 9285 8973 3013 2108 7300 9387 165 4148 5651 5860 2415 3115 2378 162 8791 112 1420 3967 640 5048 4119 6191 1545 186 5704 2897 4394 3630 6475 5996 1339 7756 223 167 9274 4643 4017 8229 3457 1036 9401 489 5931 1970 446 6681 6733 3980 9457 9432 2972 1363 2637 4369 4859 3345 4394 6653 3710 5850 9677 1137 25 4427 5105 4128 7722 6329 745 2918 8689 3239 7571 7443 9725 5734 1181 6792 9518 1292 3985 7084 3956 2230 6128 164 8310 4320 171 7756 4853 2331 8397 5910 2311 5941 8786 --network goerli



